Vertex Count: 108

Data:

-0.390247 -0.390246 -0.607579 0.375 1 -1 -0 0
-0.390247 -0.390247 2.06546 0.375 0.75 -1 -0 0
-0.390247 0.390248 -0.607579 0.625 1 -1 -0 0
-0.390247 -0.390247 2.06546 0.375 0.75 -0 -0 1
0.390247 -0.390247 2.06546 0.375 0.5 -0 -0 1
-0.390247 0.390247 2.06546 0.625 0.75 -0 -0 1
0.390247 -0.390247 2.06546 0.375 0.5 1 -0 0
0.390247 -0.390246 -0.607579 0.375 0.25 1 -0 0
0.390247 0.390247 2.06546 0.625 0.5 1 -0 0
0.390247 -0.390246 -0.607579 0.375 0.25 -0 -0 -1
-0.390247 -0.390246 -0.607579 0.375 0 -0 -0 -1
0.390247 0.390248 -0.607579 0.625 0.25 -0 -0 -1
-0.390247 -0.390247 2.06546 0.125 0.5 -0 -1 0
-0.390247 -0.390246 -0.607579 0.125 0.25 -0 -1 0
0.390247 -0.390247 2.06546 0.375 0.5 -0 -1 0
0.390247 0.390247 2.06546 0.625 0.5 -0 1 0
0.390247 0.390248 -0.607579 0.625 0.25 -0 1 0
-0.390247 0.390247 2.06546 0.875 0.5 -0 1 0
-1 -0.999999 -1.72894 0.375 1 -1 -0 0
-1 -1 0.27106 0.375 0.75 -1 -0 0
-1 1 -1.72894 0.625 1 -1 -0 0
-1 -1 0.27106 0.375 0.75 -0 -0 1
1 -1 0.27106 0.375 0.5 -0 -0 1
-1 1 0.271061 0.625 0.75 -0 -0 1
1 -1 0.27106 0.375 0.5 1 -0 0
1 -0.999999 -1.72894 0.375 0.25 1 -0 0
1 1 0.271061 0.625 0.5 1 -0 0
1 -0.999999 -1.72894 0.375 0.25 -0 -0 -1
-1 -0.999999 -1.72894 0.375 0 -0 -0 -1
1 1 -1.72894 0.625 0.25 -0 -0 -1
-1 -1 0.27106 0.125 0.5 -0 -1 0
-1 -0.999999 -1.72894 0.125 0.25 -0 -1 0
1 -1 0.27106 0.375 0.5 -0 -1 0
1 1 0.271061 0.625 0.5 -0 1 0
1 1 -1.72894 0.625 0.25 -0 1 0
-1 1 0.271061 0.875 0.5 -0 1 0
-0.390247 -0.390247 2.06546 0.375 0.75 -1 -0 0
-0.390247 0.390247 2.06546 0.625 0.75 -1 -0 0
-0.390247 0.390248 -0.607579 0.625 1 -1 -0 0
0.390247 -0.390247 2.06546 0.375 0.5 -0 -0 1
0.390247 0.390247 2.06546 0.625 0.5 -0 -0 1
-0.390247 0.390247 2.06546 0.625 0.75 -0 -0 1
0.390247 -0.390246 -0.607579 0.375 0.25 1 -0 0
0.390247 0.390248 -0.607579 0.625 0.25 1 -0 0
0.390247 0.390247 2.06546 0.625 0.5 1 -0 0
-0.390247 -0.390246 -0.607579 0.375 0 -0 -0 -1
-0.390247 0.390248 -0.607579 0.625 0 -0 -0 -1
0.390247 0.390248 -0.607579 0.625 0.25 -0 -0 -1
-0.390247 -0.390246 -0.607579 0.125 0.25 -0 -1 0
0.390247 -0.390246 -0.607579 0.375 0.25 -0 -1 0
0.390247 -0.390247 2.06546 0.375 0.5 -0 -1 0
0.390247 0.390248 -0.607579 0.625 0.25 -0 1 0
-0.390247 0.390248 -0.607579 0.875 0.25 -0 1 0
-0.390247 0.390247 2.06546 0.875 0.5 -0 1 0
-1 -1 0.27106 0.375 0.75 -1 -0 0
-1 1 0.271061 0.625 0.75 -1 -0 0
-1 1 -1.72894 0.625 1 -1 -0 0
1 -1 0.27106 0.375 0.5 -0 -0 1
1 1 0.271061 0.625 0.5 -0 -0 1
-1 1 0.271061 0.625 0.75 -0 -0 1
1 -0.999999 -1.72894 0.375 0.25 1 -0 0
1 1 -1.72894 0.625 0.25 1 -0 0
1 1 0.271061 0.625 0.5 1 -0 0
-1 -0.999999 -1.72894 0.375 0 -0 -0 -1
-1 1 -1.72894 0.625 0 -0 -0 -1
1 1 -1.72894 0.625 0.25 -0 -0 -1
-1 -0.999999 -1.72894 0.125 0.25 -0 -1 0
1 -0.999999 -1.72894 0.375 0.25 -0 -1 0
1 -1 0.27106 0.375 0.5 -0 -1 0
1 1 -1.72894 0.625 0.25 -0 1 0
-1 1 -1.72894 0.875 0.25 -0 1 0
-1 1 0.271061 0.875 0.5 -0 1 0
1.48969 -0.204851 -2.1662 0.375 1 -0.6469 -0 -0.7626
-0.548736 -0.204852 -0.437055 0.375 0.75 -0.6469 -0 -0.7626
1.48969 0.575643 -2.1662 0.625 1 -0.6469 -0 -0.7626
-0.548736 -0.204852 -0.437055 0.375 0.75 -0.7626 -0 0.6469
-0.043846 -0.204852 0.158139 0.375 0.5 -0.7626 -0 0.6469
-0.548736 0.575642 -0.437055 0.625 0.75 -0.7626 -0 0.6469
-0.043846 -0.204852 0.158139 0.375 0.5 0.6469 -0 0.7626
1.99458 -0.204851 -1.57101 0.375 0.25 0.6469 -0 0.7626
-0.043846 0.575642 0.158139 0.625 0.5 0.6469 -0 0.7626
1.99458 -0.204851 -1.57101 0.375 0.25 0.7626 -0 -0.6469
1.48969 -0.204851 -2.1662 0.375 0 0.7626 -0 -0.6469
1.99458 0.575643 -1.57101 0.625 0.25 0.7626 -0 -0.6469
-0.548736 -0.204852 -0.437055 0.125 0.5 -0 -1 0
1.48969 -0.204851 -2.1662 0.125 0.25 -0 -1 0
-0.043846 -0.204852 0.158139 0.375 0.5 -0 -1 0
-0.043846 0.575642 0.158139 0.625 0.5 -0 1 0
1.99458 0.575643 -1.57101 0.625 0.25 -0 1 0
-0.548736 0.575642 -0.437055 0.875 0.5 -0 1 0
-0.548736 -0.204852 -0.437055 0.375 0.75 -0.6469 -0 -0.7626
-0.548736 0.575642 -0.437055 0.625 0.75 -0.6469 -0 -0.7626
1.48969 0.575643 -2.1662 0.625 1 -0.6469 -0 -0.7626
-0.043846 -0.204852 0.158139 0.375 0.5 -0.7626 -0 0.6469
-0.043846 0.575642 0.158139 0.625 0.5 -0.7626 -0 0.6469
-0.548736 0.575642 -0.437055 0.625 0.75 -0.7626 -0 0.6469
1.99458 -0.204851 -1.57101 0.375 0.25 0.6469 -0 0.7626
1.99458 0.575643 -1.57101 0.625 0.25 0.6469 -0 0.7626
-0.043846 0.575642 0.158139 0.625 0.5 0.6469 -0 0.7626
1.48969 -0.204851 -2.1662 0.375 0 0.7626 -0 -0.6469
1.48969 0.575643 -2.1662 0.625 0 0.7626 -0 -0.6469
1.99458 0.575643 -1.57101 0.625 0.25 0.7626 -0 -0.6469
1.48969 -0.204851 -2.1662 0.125 0.25 -0 -1 0
1.99458 -0.204851 -1.57101 0.375 0.25 -0 -1 0
-0.043846 -0.204852 0.158139 0.375 0.5 -0 -1 0
1.99458 0.575643 -1.57101 0.625 0.25 -0 1 0
1.48969 0.575643 -2.1662 0.875 0.25 -0 1 0
-0.548736 0.575642 -0.437055 0.875 0.5 -0 1 0
